[[17.77295338211382, 50.623302912751676, 17.79458549593496, 50.63861233557047],
 [17.989274520325203,
  50.63642527516778,
  18.005714926829267,
  50.64954763758389],
 [17.77295338211382, 50.64407998657718, 17.787663219512194, 50.65228146308725],
 [17.92783931707317, 50.63259791946309, 17.946875577235772, 50.65337499328859],
 [17.940818585365854,
  50.62002232214765,
  17.995331512195122,
  50.655015288590604],
 [18.00311907317073, 50.64025263087248, 18.023885902439023, 50.65993617449664],
 [17.39568931707317,
  50.652828228187914,
  17.404342162601626,
  50.665403825503354],
 [17.93908801626016,
  50.655015288590604,
  18.010041349593493,
  50.68016648322148],
 [17.798046634146342,
  50.61182084563758,
  17.934761593495935,
  50.68454060402684],
 [17.358482081300814,
  50.660482939597316,
  17.377518341463414,
  50.68618089932886],
 [17.312622, 50.68180677852349, 17.323005414634146, 50.69219531543624],
 [17.374057203252033,
  50.697662966442955,
  17.385305902439026,
  50.70477091275168],
 [18.008310780487804,
  50.708051503355705,
  18.02215533333333,
  50.71789327516778],
 [17.39655460162602, 50.69438237583893, 17.43289655284553, 50.71898680536913],
 [17.793720211382112,
  50.662123234899326,
  17.956393707317073,
  50.72828181208054],
 [18.011771918699186,
  50.718440040268455,
  18.023885902439023,
  50.72937534228188],
 [17.43289655284553, 50.70531767785235, 17.478756634146343, 50.73046887248322],
 [17.845637284552843, 50.72828181208054, 17.8638082601626, 50.736483288590605],
 [17.972834113821136,
  50.731015637583894,
  17.992735658536585,
  50.738123583892616],
 [17.865538829268292, 50.73156240268456, 17.874191674796748, 50.7403106442953],
 [17.914860048780486,
  50.73703005369128,
  17.923512894308942,
  50.74359123489933],
 [17.856885983739836, 50.7403106442953, 17.86726939837398, 50.7479653557047],
 [17.348963951219513, 50.744138, 17.371461349593496, 50.750699181208056],
 [17.312622, 50.736483288590605, 17.344637528455287, 50.752339476510066],
 [17.847367853658536,
  50.74359123489933,
  17.862942975609755,
  50.75397977181208],
 [17.95898956097561, 50.74905888590604, 17.97456468292683, 50.75999418791946],
 [17.86813468292683, 50.74359123489933, 17.90620720325203, 50.76054095302013],
 [17.936492162601624,
  50.74359123489933,
  17.953797853658536,
  50.76546183892617],
 [17.360212650406506,
  50.75671359731544,
  17.38271004878049,
  50.766008604026844],
 [17.833523300813006, 50.75835389261745, 17.8638082601626, 50.76819566442953],
 [17.388767040650407,
  50.76163448322148,
  17.420782569105693,
  50.77202302013423],
 [17.966777121951218,
  50.766008604026844,
  17.976295252032518,
  50.7725697852349],
 [17.44241468292683, 50.72992210738255, 17.527212569105693, 50.77311655033557],
 [17.997927365853656,
  50.75890065771812,
  18.023885902439023,
  50.775303610738256],
 [17.84823313821138, 50.76218124832215, 17.905341918699186, 50.77803743624161],
 [17.86207769105691, 50.78131802684564, 17.872461105691055, 50.78733244295302],
 [17.430300699186994, 50.78733244295302, 17.44414525203252, 50.79553391946309],
 [17.855155414634144,
  50.79498715436242,
  17.864673544715448,
  50.80209510067114],
 [17.43289655284553, 50.79662744966443, 17.44241468292683, 50.803188630872484],
 [17.407803300813008,
  50.80209510067114,
  17.421647853658538,
  50.80756275167785],
 [17.933031024390242,
  50.807015986577184,
  17.966777121951218,
  50.81685775838926],
 [17.419917284552845, 50.803735395973156, 17.472699642276424, 50.825606],
 [17.917455902439023,
  50.81849805369128,
  17.932165739837398,
  50.828339825503356],
 [17.47356492682927, 50.80537569127517, 17.51250273170732, 50.833260711409395],
 [17.943414439024387, 50.8294333557047, 17.95293256910569, 50.837088067114095],
 [17.451067528455287, 50.8294333557047, 17.476160780487806, 50.83763483221477],
 [17.475295495934958,
  50.833260711409395,
  17.495197040650407,
  50.842555718120806],
 [17.408668585365856,
  50.83490100671141,
  17.421647853658538,
  50.842555718120806],
 [17.383575333333333, 50.83982189261745, 17.39395874796748, 50.84528954362416],
 [17.8542901300813, 50.80920304697987, 17.90620720325203, 50.845836308724834],
 [17.92524346341463,
  50.842008953020134,
  17.942549154471543,
  50.84857013422819],
 [17.892362650406504,
  50.81576422818792,
  17.930435170731705,
  50.84911689932886],
 [17.4285701300813, 50.84036865771812, 17.451067528455287, 50.8502104295302],
 [17.312622, 50.840915422818796, 17.340311105691057, 50.85677161073826],
 [17.40520744715447, 50.8502104295302, 17.424243707317075, 50.85731837583893],
 [17.50817630894309, 50.82505923489933, 17.537595983739838, 50.85950543624161],
 [17.85255956097561, 50.85349102013423, 17.8638082601626, 50.86114573154362],
 [17.870730536585366,
  50.842555718120806,
  17.907072487804875,
  50.875908389261745],
 [17.530673707317074,
  50.660482939597316,
  17.85255956097561,
  50.87645515436242],
 [17.926974032520324,
  50.87317456375839,
  17.938222731707317,
  50.879735744966446],
 [17.678637365853657, 50.83380747651007, 17.79025907317073, 50.88137604026846],
 [17.847367853658536,
  50.86059896644296,
  17.868999967479674,
  50.88520339597316],
 [17.726228016260162, 50.87809544966443, 17.74180313821138, 50.88575016107383],
 [17.759108829268293,
  50.88410986577181,
  17.770357528455285,
  50.88957751677852],
 [17.92956988617886,
  50.880829275167784,
  17.940818585365854,
  50.89231134228188],
 [17.843041430894306, 50.88739045637584, 17.8638082601626, 50.89613869798658],
 [17.71844045528455, 50.8824695704698, 17.7573782601626, 50.89613869798658],
 [17.68382907317073, 50.88575016107383, 17.708057040650406, 50.89668546308725],
 [17.501254032520325,
  50.85349102013423,
  17.626720292682926,
  50.89668546308725],
 [17.618932731707318, 50.86278602684564, 17.68036793495935, 50.89832575838926],
 [17.312622, 50.85677161073826, 17.425974276422764, 50.898872523489935],
 [17.417321430894308,
  50.84474277852349,
  17.527212569105693,
  50.89941928859061],
 [17.397419886178863, 50.89832575838926, 17.40607273170732, 50.907074]]