[[17.77295338211382, 50.64353322147651, 17.791124357723575, 50.65228146308725],
 [17.784202081300812,
  50.65610881879194,
  17.80583419512195,
  50.662123234899326],
 [17.312622, 50.683447073825505, 17.346368097560976, 50.70203708724832],
 [17.372326634146344,
  50.697662966442955,
  17.383575333333333,
  50.70367738255033],
 [17.791989642276423,
  50.660482939597316,
  17.85861655284553,
  50.708051503355705],
 [17.317813707317075, 50.70367738255033, 17.33252354471545, 50.71078532885906],
 [17.85775126829268,
  50.695475906040265,
  17.901880780487804,
  50.71625297986577],
 [17.393093463414633,
  50.69438237583893,
  17.433761837398375,
  50.71898680536913],
 [17.834388585365854,
  50.708051503355705,
  17.853424845528455,
  50.72008033557047],
 [17.33771525203252, 50.70695797315436, 17.359347365853658, 50.72554798657718],
 [17.844772, 50.72828181208054, 17.864673544715448, 50.736483288590605],
 [17.39655460162602, 50.72336092617449, 17.422513138211382, 50.73757681879194],
 [17.864673544715448, 50.73156240268456, 17.875056959349592, 50.7403106442953],
 [17.913129479674794,
  50.732655932885905,
  17.93562687804878,
  50.74468476510067],
 [17.847367853658536,
  50.74359123489933,
  17.862942975609755,
  50.75343300671141],
 [17.363673788617888,
  50.72554798657718,
  17.410399154471545,
  50.755620067114094],
 [17.856020699186992,
  50.73976387919463,
  17.908803056910568,
  50.76054095302013],
 [17.8352538699187, 50.75835389261745, 17.8638082601626, 50.76764889932886],
 [17.400881024390245,
  50.75890065771812,
  17.425974276422764,
  50.76764889932886],
 [17.908803056910568,
  50.764915073825506,
  17.922647609756098,
  50.77202302013423],
 [17.429435414634145,
  50.716799744966444,
  17.527212569105693,
  50.77311655033557],
 [17.53153899186992,
  50.75452653691275,
  17.559228097560975,
  50.776943906040266],
 [17.849098422764225,
  50.762728013422816,
  17.90447663414634,
  50.77749067114094],
 [17.862942975609755,
  50.78186479194631,
  17.872461105691055,
  50.78733244295302],
 [17.841310861788617, 50.77749067114094, 17.85255956097561, 50.79006626845638],
 [17.53153899186992,
  50.78733244295302,
  17.546248829268293,
  50.792800093959734],
 [17.87765281300813,
  50.78842597315436,
  17.886305658536585,
  50.794440389261744],
 [17.856020699186992,
  50.79498715436242,
  17.865538829268292,
  50.80154833557047],
 [17.856020699186992,
  50.80920304697987,
  17.865538829268292,
  50.81576422818792],
 [17.933896308943087, 50.80974981208054, 17.95898956097561, 50.81685775838926],
 [17.894093219512193, 50.81576422818792, 17.92956988617886, 50.83927512751678],
 [17.86726939837398, 50.81084334228188, 17.90620720325203, 50.84419601342282],
 [17.913994764227642,
  50.84036865771812,
  17.924378178861787,
  50.845836308724834],
 [17.5350001300813, 50.66157646979865, 17.849098422764225, 50.84911689932886],
 [17.783336796747967,
  50.83982189261745,
  17.798046634146342,
  50.85075719463087],
 [17.772088097560975,
  50.84638307382551,
  17.785067365853656,
  50.852944255033556],
 [17.872461105691055, 50.84310248322148, 17.898419642276423, 50.8578651409396],
 [17.727958585365855,
  50.83982189261745,
  17.781606227642275,
  50.86989397315436],
 [17.876787528455285,
  50.856224845637584,
  17.901880780487804,
  50.87700191946309],
 [17.76083939837398, 50.86770691275168, 17.779875658536586, 50.8786422147651],
 [17.78679793495935,
  50.84474277852349,
  17.850828991869918,
  50.883016335570474],
 [17.84823313821138, 50.86223926174497, 17.87765281300813, 50.88520339597316],
 [17.8257357398374, 50.88410986577181, 17.843041430894306, 50.89285810738255],
 [17.92956988617886,
  50.880829275167784,
  17.942549154471543,
  50.897232228187924],
 [17.827466308943087, 50.88520339597316, 17.86207769105691, 50.90215311409396]]