[[17.556924552884613, 50.69486821115538, 17.561610925, 50.696876239043824],
 [17.659132097115382,
  50.69759912908367,
  17.66247950576923,
  50.698723624701195],
 [17.55380030480769, 50.69824169800797, 17.556255071153846, 50.69904490916335],
 [17.653999403846154,
  50.69896458804781,
  17.659355257692308,
  50.700571010358566],
 [17.562280406730768, 50.69912523027889, 17.56696677884615, 50.70193646932271],
 [17.65890893653846, 50.702418396015936, 17.66203318461538, 50.70354289163347],
 [17.564958333653845,
  50.70121357928287,
  17.572099472115383,
  50.70482802948207],
 [17.652437279807693,
  50.70442642390439,
  17.655338367307692,
  50.705229635059766],
 [17.576562683653844,
  50.703301928286855,
  17.586604909615385,
  50.7065950940239],
 [17.57633952307692,
  50.705872203984065,
  17.579463771153844,
  50.706916378486056],
 [17.649089871153844, 50.70643445179283, 17.65310676153846, 50.70731798406375],
 [17.56317304903846, 50.70635413067729, 17.566520457692306, 50.70747862629482],
 [17.570537348076922,
  50.707077020717136,
  17.57544688076923,
  50.707880231872515],
 [17.554916107692307,
  50.70643445179283,
  17.560495122115384,
  50.70796055298805],
 [17.568528902884616,
  50.707880231872515,
  17.575000559615383,
  50.70924569083665],
 [17.564958333653845, 50.70900472749004, 17.56830574230769, 50.71020954422311],
 [17.584596464423075,
  50.70723766294821,
  17.58794387307692,
  50.710289865338645],
 [17.572768953846154, 50.71069147091634, 17.57767848653846, 50.71197660876494],
 [17.575223720192305, 50.71165532430279, 17.57968693173077, 50.71277981992032],
 [17.5645120125, 50.71117339760956, 17.568528902884616, 50.71286014103586],
 [17.569867866346154, 50.71253885657371, 17.573215275, 50.71334206772909],
 [17.64083292980769, 50.7142256, 17.64507298076923, 50.71551073784861],
 [17.566297297115383,
  50.71462720557769,
  17.569644705769228,
  50.71599266454184],
 [17.58548910673077, 50.71326174661355, 17.592407084615385, 50.71727780239044],
 [17.565627815384616,
  50.71623362788845,
  17.571206829807693,
  50.71800069243028],
 [17.566297297115383,
  50.717358123505974,
  17.569644705769228,
  50.71872358247012],
 [17.572992114423077,
  50.718562940239046,
  17.582364858653843,
  50.7208119314741],
 [17.591068121153846, 50.71824165577689, 17.60356511346154, 50.72145450039841],
 [17.607135682692306,
  50.72033000478088,
  17.624319047115385,
  50.722016748207174],
 [17.6515446375, 50.721133215936256, 17.655338367307692, 50.72257899601594],
 [17.58861335480769,
  50.721856105976094,
  17.59151444230769,
  50.723141243824706],
 [17.63927080576923,
  50.722016748207174,
  17.644626659615383,
  50.72338220717132],
 [17.624542207692308, 50.72137417928287, 17.6370392, 50.72346252828685],
 [17.60066402596154, 50.72161514262948, 17.612937857692305, 50.7241854183267],
 [17.595308172115384, 50.72225771155379, 17.59887874134615, 50.72514927171315],
 [17.643510856730767,
  50.72177578486056,
  17.650875155769228,
  50.72522959282869],
 [17.649759352884615, 50.72322156494024, 17.65511520673077, 50.7254705561753],
 [17.666050074999998,
  50.720249683665344,
  17.68948193557692,
  50.725550877290836],
 [17.6051272375, 50.72442638167331, 17.61115257307692, 50.72579184063745],
 [17.64663510480769, 50.72506895059761, 17.649982513461538, 50.72627376733068],
 [17.610706251923077,
  50.724667345019924,
  17.617847390384615,
  50.72715729960159],
 [17.653553082692305,
  50.72233803266933,
  17.672521731730768,
  50.72731794183267],
 [17.673860695192307,
  50.72659505179283,
  17.676761782692306,
  50.72763922629482],
 [17.61740106923077, 50.72506895059761, 17.62565801057692, 50.7277998685259],
 [17.62476536826923, 50.72273963824701, 17.640163448076922, 50.72852275856574],
 [17.639717126923077, 50.72530991394422, 17.64529614134615, 50.72892436414343],
 [17.63659287884615, 50.72804083187251, 17.641948732692306, 50.72964725418327],
 [17.659801578846153,
  50.72892436414343,
  17.662256345192308,
  50.72972757529881],
 [17.642841375, 50.729004685258964, 17.650428834615383, 50.73229785099602],
 [17.66471111153846, 50.73037014422311, 17.676761782692306, 50.7331010621514],
 [17.697069395192308,
  50.73398459442231,
  17.704880015384614,
  50.735510695617535],
 [17.698408358653843,
  50.73575165896415,
  17.706218978846152,
  50.73920546693227],
 [17.67118276826923,
  50.728362116334665,
  17.697962037499998,
  50.740570925896414],
 [17.681671315384616,
  50.73599262231076,
  17.692606183653844,
  50.74185606374502],
 [17.724518146153844,
  50.74113317370518,
  17.728758197115383,
  50.742498632669324],
 [17.68211763653846, 50.74185606374502, 17.685911366346154, 50.74273959601594],
 [17.70108628557692, 50.74217734820717, 17.704880015384614, 50.74386409163347],
 [17.722509700961538,
  50.74290023824701,
  17.725410788461538,
  50.745149229482074],
 [17.697069395192308, 50.743944412749, 17.70599581826923, 50.74747854183267],
 [17.683233439423077,
  50.742418311553784,
  17.691713541346154,
  50.75012913864542],
 [17.68791981153846, 50.74595244063745, 17.695953592307692, 50.75028978087649],
 [17.69528411057692, 50.74547051394423, 17.714475920192307, 50.75181588207172],
 [17.695953592307692,
  50.75189620318725,
  17.698408358653843,
  50.753261662151395],
 [17.682563957692306,
  50.75173556095618,
  17.689035614423076,
  50.75478776334661],
 [17.661586863461537,
  50.75020945976096,
  17.684572402884616,
  50.755028726693226],
 [17.687250329807693,
  50.754064873306774,
  17.696399913461537,
  50.757679323505975],
 [17.689928256730767,
  50.75792028685259,
  17.692606183653844,
  50.75872349800797],
 [17.639717126923077,
  50.75719739681275,
  17.646858265384616,
  50.76000863585657],
 [17.640386608653845, 50.76000863585657, 17.642841375, 50.762257627091635],
 [17.60378827403846, 50.76161505816733, 17.60892096730769, 50.76249859043825],
 [17.67631546153846, 50.75944638804781, 17.693275665384615, 50.76265923266932],
 [17.690374577884615,
  50.76193634262948,
  17.69662307403846,
  50.762900196015934],
 [17.64864355, 50.75559097450199, 17.673191213461536, 50.76322148047809],
 [17.60735884326923, 50.76249859043825, 17.61316101826923, 50.76370340717131],
 [17.601110347115384,
  50.76338212270917,
  17.605350398076922,
  50.76466726055777],
 [17.6051272375, 50.76539015059761, 17.612714697115383, 50.76651464621514],
 [17.652883600961538,
  50.76024959920319,
  17.662925826923075,
  50.766675288446216],
 [17.615615784615382, 50.7657917561753, 17.62320324423077, 50.76779978406375],
 [17.594638690384613,
  50.76611304063745,
  17.600440865384613,
  50.76779978406375],
 [17.628559098076924,
  50.764105012749006,
  17.65020567403846,
  50.770129096414344],
 [17.57187631153846, 50.76707689402391, 17.59865558076923, 50.77286001434263],
 [17.54353491826923,
  50.77326161992032,
  17.554023465384613,
  50.775590932270916],
 [17.551791859615385,
  50.77269937211155,
  17.566520457692306,
  50.77735799681275],
 [17.548221290384614,
  50.77808088685259,
  17.550452896153846,
  50.77944634581674],
 [17.54777496923077, 50.77952666693227, 17.55067605673077, 50.780811804780875],
 [17.5238967875, 50.78394432828686, 17.530368444230767, 50.787317815139446],
 [17.52835999903846, 50.77486804223108, 17.54933709326923, 50.787960384063744],
 [17.533269531730767, 50.78779974183267, 17.5413033125, 50.78868327410358],
 [17.50961451057692, 50.79213708207171, 17.514747203846152, 50.79294029322709],
 [17.675869140384613, 50.79221740318725, 17.67988603076923, 50.79374350438247],
 [17.497787, 50.79390414661355, 17.500241766346154, 50.79470735776893]]